# Parámetros: n m n_gen tam_pob m_rate
200 50 100 20 0.05
200 50 100 20 0.10
200 50 100 20 0.15
200 50 100 20 0.20
500 150 200 50 0.05
500 150 200 50 0.10
500 150 200 50 0.15
500 150 200 50 0.20
800 200 300 70 0.05
800 200 300 70 0.10
800 200 300 70 0.15
800 200 300 70 0.20
1000 300 400 100 0.05
1000 300 400 100 0.10
1000 300 400 100 0.15
1000 300 400 100 0.20
1200 400 500 120 0.05
1200 400 500 120 0.10
1200 400 500 120 0.15
1200 400 500 120 0.20
1400 500 600 150 0.05
1400 500 600 150 0.10
1400 500 600 150 0.15
1400 500 600 150 0.20
1600 600 700 180 0.05
1600 600 700 180 0.10
1600 600 700 180 0.15
1600 600 700 180 0.20
