Execution Time: 0.01 sec

Solution: 1 3 5 21 25 27 28 29 34 36 47 51 61 65 67 69 70 75 77 88 98 105 108 110 120 129 130 142 151 154 156 158 162 167 168 172 175 180 187 192 
Distance: 43195.51
Execution Time: 0.01 sec

Solution: 0 1 2 5 10 14 18 19 20 25 30 43 46 49 50 53 56 57 63 65 72 82 88 90 102 104 109 119 121 133 134 146 153 154 158 160 162 186 192 198 
Distance: 42955.62
Execution Time: 0.01 sec

Solution: 5 6 10 21 29 30 47 51 53 67 70 73 79 82 89 92 93 96 110 112 117 119 124 128 133 134 140 151 156 158 160 162 168 169 177 182 192 193 194 199 
Distance: 42833.08
Execution Time: 0.01 sec

Solution: 6 11 12 14 23 24 27 29 37 40 51 63 64 67 68 69 70 72 87 93 96 98 103 115 117 123 124 130 131 135 140 150 154 157 170 175 185 187 191 193 
Distance: 43237.19
